

02,03,03,01,01,00,00,00,00,00,00,00,00,00,00,00
40,E0,E0,C0,80,80,00,00,00,00,00,00,00,00,00,00
02,06,07,07,03,01,00,00,00,00,00,00,00,00,00,00
40,E0,E0,C0,80,00,00,00,00,00,00,00,00,00,00,00
02,07,07,03,01,00,00,00,00,00,00,00,00,00,00,00
40,60,E0,E0,C0,80,00,00,00,00,00,00,00,00,00,00
02,07,0E,03,01,01,00,00,00,00,00,00,00,00,00,00
40,C0,C0,80,80,00,00,00,00,00,00,00,00,00,00,00

00,00,00,00,00,00,00,00,00,00,00,00,00,00,00,00
00,00,00,06,0F,1F,06,00,00,00,00,00,00,00,00,00
00,00,00,00,00,00,00,00,00,00,00,00,00,00,00,00
00,00,00,06,1F,0F,06,00,00,00,00,00,00,00,00,00
00,00,00,60,F0,F8,60,00,00,00,00,00,00,00,00,00
00,00,00,00,00,00,00,00,00,00,00,00,00,00,00,00
00,00,00,60,F8,F0,60,00,00,00,00,00,00,00,00,00
00,00,00,00,00,00,00,00,00,00,00,00,00,00,00,00
